1609406718.6027787
1609406719.6030805
1609406720.60428
1609406721.604963
1609406722.6057663
1609406723.6061532
1609406724.6073124
1609406725.6081605
1609406726.6092732
1609406727.6096406
1609406728.6097898
1609406729.6109056
1609406730.611995
1609406731.6131759
1609406732.6136997
1609406733.6148572
1609406734.6159806
1609406976.445117
1609406977.4456794
1609406978.4468515
1609406979.4480076
1609406980.4491577
1609406981.4497123
1609406982.4509342
1609406983.452093
1609406984.4532404
1609406985.45367
1609406986.454812
1609406987.4559784
1609406988.4572034
1609406989.4576874
1609406990.4588575
